1	1	47
1	2	104
1	3	452
1	4	44
1	5	117
1	6	97
1	7	49
10	1	23
10	2	191
10	4	56
10	5	11
10	6	36
10	7	123
10	8	295
11	1	66
11	2	318
11	4	63
11	5	382
11	6	185
11	7	154
11	8	61
12	1	233
12	2	135
12	3	29
12	4	34
12	5	226
12	6	56
12	8	52
13	1	306
13	2	166
13	3	52
13	4	152
13	6	267
13	8	165
14	1	103
14	3	223
14	4	151
14	5	119
14	6	13
14	7	151
14	8	106
15	2	126
15	4	24
15	5	106
15	7	358
15	8	119
2	1	78
2	2	108
2	3	298
2	4	205
2	5	124
2	6	139
2	7	127
2	8	191
3	1	118
3	2	88
3	3	147
3	4	106
3	5	64
3	6	286
3	7	40
3	8	105
4	1	193
4	2	166
4	3	42
4	4	79
4	6	141
4	7	140
4	8	32
5	2	223
5	3	148
5	4	53
5	5	223
5	6	248
5	7	180
5	8	236
6	1	7
6	2	76
6	5	94
6	6	60
6	7	216
6	8	179
7	1	67
7	2	207
7	3	89
7	4	106
7	6	284
7	7	226
7	8	60
8	1	154
8	2	120
8	3	17
8	4	178
8	5	163
8	6	101
8	8	249
9	1	159
9	2	96
9	3	7
9	4	144
9	5	69
9	6	6
9	8	189
